"X-location","Z-location","Resistivity"
        2.500         0.000      93.4990
        7.500         0.000      97.2850
       12.500         0.000      97.6910
       17.500         0.000     105.9500
       22.500         0.000     103.1100
       27.500         0.000      99.6090
       32.500         0.000     101.3400
       37.500         0.000     102.9500
       42.500         0.000     101.1100
       47.500         0.000     101.2400
       52.500         0.000     112.6100
       57.500         0.000      95.4930
       62.500         0.000     103.1500
       67.500         0.000      98.8290
       72.500         0.000     107.4000
       77.500         0.000     107.7900
       82.500         0.000      97.8500
       87.500         0.000      97.2070
       92.500         0.000     102.1200
       97.500         0.000     109.8800
      102.500         0.000     115.7000
      107.500         0.000     121.2700
      112.500         0.000     123.1600
      117.500         0.000     127.7800
      122.500         0.000     111.5100
      127.500         0.000     105.4000
      132.500         0.000      97.3690
      137.500         0.000      96.7020
      142.500         0.000      97.4110
      147.500         0.000      93.7860
      152.500         0.000      95.7440
      157.500         0.000      96.1060
      162.500         0.000     100.6900
      167.500         0.000      95.0450
      172.500         0.000     100.0100
      177.500         0.000     102.2000
      182.500         0.000     102.9500
      187.500         0.000     102.1900
      192.500         0.000     104.2000
      197.500         0.000     104.5700
      202.500         0.000     109.7700
      207.500         0.000     100.0400
      212.500         0.000      96.2330
      217.500         0.000     100.4500
      222.500         0.000     103.0900
      227.500         0.000     103.9100
      232.500         0.000     101.8200
        2.500        -0.520      93.4990
        7.500        -0.520      97.2850
       12.500        -0.520      97.6910
       17.500        -0.520     105.9500
       22.500        -0.520     103.1100
       27.500        -0.520      99.6090
       32.500        -0.520     101.3400
       37.500        -0.520     102.9500
       42.500        -0.520     101.1100
       47.500        -0.520     101.2400
       52.500        -0.520     112.6100
       57.500        -0.520      95.4930
       62.500        -0.520     103.1500
       67.500        -0.520      98.8290
       72.500        -0.520     107.4000
       77.500        -0.520     107.7900
       82.500        -0.520      97.8500
       87.500        -0.520      97.2070
       92.500        -0.520     102.1200
       97.500        -0.520     109.8800
      102.500        -0.520     115.7000
      107.500        -0.520     121.2700
      112.500        -0.520     123.1600
      117.500        -0.520     127.7800
      122.500        -0.520     111.5100
      127.500        -0.520     105.4000
      132.500        -0.520      97.3690
      137.500        -0.520      96.7020
      142.500        -0.520      97.4110
      147.500        -0.520      93.7860
      152.500        -0.520      95.7440
      157.500        -0.520      96.1060
      162.500        -0.520     100.6900
      167.500        -0.520      95.0450
      172.500        -0.520     100.0100
      177.500        -0.520     102.2000
      182.500        -0.520     102.9500
      187.500        -0.520     102.1900
      192.500        -0.520     104.2000
      197.500        -0.520     104.5700
      202.500        -0.520     109.7700
      207.500        -0.520     100.0400
      212.500        -0.520      96.2330
      217.500        -0.520     100.4500
      222.500        -0.520     103.0900
      227.500        -0.520     103.9100
      232.500        -0.520     101.8200
        2.500        -1.040      93.4990
        7.500        -1.040      97.2850
       12.500        -1.040      97.6910
       17.500        -1.040     105.9500
       22.500        -1.040     103.1100
       27.500        -1.040      99.6090
       32.500        -1.040     101.3400
       37.500        -1.040     102.9500
       42.500        -1.040     101.1100
       47.500        -1.040     101.2400
       52.500        -1.040     112.6100
       57.500        -1.040      95.4930
       62.500        -1.040     103.1500
       67.500        -1.040      98.8290
       72.500        -1.040     107.4000
       77.500        -1.040     107.7900
       82.500        -1.040      97.8500
       87.500        -1.040      97.2070
       92.500        -1.040     102.1200
       97.500        -1.040     109.8800
      102.500        -1.040     115.7000
      107.500        -1.040     121.2700
      112.500        -1.040     123.1600
      117.500        -1.040     127.7800
      122.500        -1.040     111.5100
      127.500        -1.040     105.4000
      132.500        -1.040      97.3690
      137.500        -1.040      96.7020
      142.500        -1.040      97.4110
      147.500        -1.040      93.7860
      152.500        -1.040      95.7440
      157.500        -1.040      96.1060
      162.500        -1.040     100.6900
      167.500        -1.040      95.0450
      172.500        -1.040     100.0100
      177.500        -1.040     102.2000
      182.500        -1.040     102.9500
      187.500        -1.040     102.1900
      192.500        -1.040     104.2000
      197.500        -1.040     104.5700
      202.500        -1.040     109.7700
      207.500        -1.040     100.0400
      212.500        -1.040      96.2330
      217.500        -1.040     100.4500
      222.500        -1.040     103.0900
      227.500        -1.040     103.9100
      232.500        -1.040     101.8200
        2.500        -3.225     102.3600
        7.500        -3.225     103.3200
       12.500        -3.225     104.7700
       17.500        -3.225      86.5030
       22.500        -3.225      93.7950
       27.500        -3.225     107.8700
       32.500        -3.225      95.3250
       37.500        -3.225      97.0480
       42.500        -3.225     111.5800
       47.500        -3.225     109.7900
       52.500        -3.225      75.4030
       57.500        -3.225     123.5700
       62.500        -3.225      88.8810
       67.500        -3.225     109.8400
       72.500        -3.225      92.0910
       77.500        -3.225      83.6630
       82.500        -3.225     111.5500
       87.500        -3.225     109.6600
       92.500        -3.225     107.2000
       97.500        -3.225      93.6780
      102.500        -3.225      89.7110
      107.500        -3.225      88.1130
      112.500        -3.225      79.7450
      117.500        -3.225      91.3400
      122.500        -3.225     104.0500
      127.500        -3.225      87.5900
      132.500        -3.225      93.8250
      137.500        -3.225      96.4350
      142.500        -3.225      96.7620
      147.500        -3.225     115.1700
      152.500        -3.225     135.7800
      157.500        -3.225     116.6800
      162.500        -3.225      89.3340
      167.500        -3.225     115.4300
      172.500        -3.225     100.2800
      177.500        -3.225      87.4020
      182.500        -3.225      93.7700
      187.500        -3.225     108.3000
      192.500        -3.225      97.2310
      197.500        -3.225     105.3700
      202.500        -3.225      89.4000
      207.500        -3.225     100.1700
      212.500        -3.225     102.0600
      217.500        -3.225     110.1300
      222.500        -3.225     104.0000
      227.500        -3.225      87.7000
      232.500        -3.225      83.2030
        2.500        -5.625     102.6100
        7.500        -5.625      89.5600
       12.500        -5.625     104.9500
       17.500        -5.625      93.8530
       22.500        -5.625      93.6230
       27.500        -5.625     103.9400
       32.500        -5.625     106.5500
       37.500        -5.625     113.3600
       42.500        -5.625      83.2820
       47.500        -5.625      85.1150
       52.500        -5.625     102.6000
       57.500        -5.625     108.6700
       62.500        -5.625     107.7000
       67.500        -5.625     108.5500
       72.500        -5.625      86.5090
       77.500        -5.625     103.7400
       82.500        -5.625     101.2100
       87.500        -5.625     104.0300
       92.500        -5.625      98.5840
       97.500        -5.625      89.6490
      102.500        -5.625      90.6550
      107.500        -5.625      88.5130
      112.500        -5.625     120.1500
      117.500        -5.625      56.1050
      122.500        -5.625      87.2870
      127.500        -5.625      88.8560
      132.500        -5.625     103.2500
      137.500        -5.625     101.8100
      142.500        -5.625     100.7300
      147.500        -5.625     100.8200
      152.500        -5.625      71.6030
      157.500        -5.625      90.7140
      162.500        -5.625      89.4730
      167.500        -5.625      95.3880
      172.500        -5.625      95.2400
      177.500        -5.625     114.9200
      182.500        -5.625      91.9260
      187.500        -5.625      92.4680
      192.500        -5.625      94.1560
      197.500        -5.625      90.9360
      202.500        -5.625      90.2280
      207.500        -5.625     103.4200
      212.500        -5.625      95.6570
      217.500        -5.625      97.0760
      222.500        -5.625      78.4820
      227.500        -5.625      93.9390
      232.500        -5.625      94.0490
        2.500        -8.265     121.8200
        7.500        -8.265      88.7600
       12.500        -8.265     126.3900
       17.500        -8.265     137.3000
       22.500        -8.265     112.6200
       27.500        -8.265     105.7300
       32.500        -8.265     108.8300
       37.500        -8.265     124.0400
       42.500        -8.265     121.7400
       47.500        -8.265     126.7200
       52.500        -8.265     127.2900
       57.500        -8.265     113.0800
       62.500        -8.265     113.7300
       67.500        -8.265     108.3400
       72.500        -8.265     105.9000
       77.500        -8.265     143.0100
       82.500        -8.265      99.8020
       87.500        -8.265     103.3600
       92.500        -8.265     110.5900
       97.500        -8.265     126.7200
      102.500        -8.265     135.6700
      107.500        -8.265     135.5200
      112.500        -8.265     169.3000
      117.500        -8.265     142.5600
      122.500        -8.265     143.0900
      127.500        -8.265     155.8900
      132.500        -8.265     155.5800
      137.500        -8.265     112.0300
      142.500        -8.265     109.0100
      147.500        -8.265     101.4900
      152.500        -8.265      76.2820
      157.500        -8.265     101.8900
      162.500        -8.265     126.1900
      167.500        -8.265      96.0770
      172.500        -8.265      91.4520
      177.500        -8.265     116.0700
      182.500        -8.265     103.1100
      187.500        -8.265     100.8600
      192.500        -8.265     106.2600
      197.500        -8.265      96.3950
      202.500        -8.265      94.9990
      207.500        -8.265     122.5800
      212.500        -8.265     115.8000
      217.500        -8.265      96.1650
      222.500        -8.265      77.8170
      227.500        -8.265     202.3400
      232.500        -8.265     202.2200
        2.500       -11.175     372.7300
        7.500       -11.175     369.0700
       12.500       -11.175     369.6200
       17.500       -11.175     370.5300
       22.500       -11.175     363.1900
       27.500       -11.175     292.0300
       32.500       -11.175     291.8200
       37.500       -11.175     303.4000
       42.500       -11.175     308.8200
       47.500       -11.175     309.8800
       52.500       -11.175     307.8300
       57.500       -11.175     300.5300
       62.500       -11.175     299.8100
       67.500       -11.175     299.7800
       72.500       -11.175     322.4100
       77.500       -11.175     341.9000
       82.500       -11.175     341.2800
       87.500       -11.175     348.1800
       92.500       -11.175     364.4200
       97.500       -11.175     365.8900
      102.500       -11.175     360.5900
      107.500       -11.175     323.1500
      112.500       -11.175     322.6000
      117.500       -11.175     326.0100
      122.500       -11.175     366.1200
      127.500       -11.175     425.2300
      132.500       -11.175     424.1900
      137.500       -11.175     423.4700
      142.500       -11.175     486.5300
      147.500       -11.175     700.5000
      152.500       -11.175     753.6500
      157.500       -11.175     869.5900
      162.500       -11.175     870.8100
      167.500       -11.175     556.3400
      172.500       -11.175     434.8600
      177.500       -11.175     442.1700
      182.500       -11.175     455.0900
      187.500       -11.175     486.1200
      192.500       -11.175     565.2400
      197.500       -11.175     566.2800
      202.500       -11.175     566.3800
      207.500       -11.175     569.2600
      212.500       -11.175     567.8600
      217.500       -11.175     467.7800
      222.500       -11.175     447.3400
      227.500       -11.175     445.4000
      232.500       -11.175     425.2500
        2.500       -14.350     872.3600
        7.500       -14.350     868.9100
       12.500       -14.350     868.6900
       17.500       -14.350     869.1300
       22.500       -14.350     864.6900
       27.500       -14.350     817.5900
       32.500       -14.350     791.8400
       37.500       -14.350     788.5400
       42.500       -14.350     786.9000
       47.500       -14.350     783.1600
       52.500       -14.350     775.3600
       57.500       -14.350     770.6300
       62.500       -14.350     771.1600
       67.500       -14.350     797.7200
       72.500       -14.350     887.8600
       77.500       -14.350     892.1100
       82.500       -14.350     891.6400
       87.500       -14.350     893.1200
       92.500       -14.350     893.8800
       97.500       -14.350     874.3000
      102.500       -14.350     594.2300
      107.500       -14.350     407.5600
      112.500       -14.350     406.1600
      117.500       -14.350     408.9700
      122.500       -14.350     471.4700
      127.500       -14.350     628.0300
      132.500       -14.350     737.2800
      137.500       -14.350     756.4600
      142.500       -14.350     814.0500
      147.500       -14.350     884.9600
      152.500       -14.350     907.4400
      157.500       -14.350     917.1100
      162.500       -14.350     917.9400
      167.500       -14.350     896.9600
      172.500       -14.350     876.9300
      177.500       -14.350     880.9400
      182.500       -14.350     896.8400
      187.500       -14.350     931.1900
      192.500       -14.350     949.2400
      197.500       -14.350     948.5200
      202.500       -14.350     944.6000
      207.500       -14.350     940.5400
      212.500       -14.350     929.8900
      217.500       -14.350     857.5600
      222.500       -14.350     789.1400
      227.500       -14.350     754.8100
      232.500       -14.350     641.8900
        2.500       -17.850     976.6600
        7.500       -17.850     975.8400
       12.500       -17.850     976.9800
       17.500       -17.850     978.7900
       22.500       -17.850     978.6600
       27.500       -17.850     975.5600
       32.500       -17.850     969.9900
       37.500       -17.850     966.7200
       42.500       -17.850     965.3400
       47.500       -17.850     964.6800
       52.500       -17.850     964.6800
       57.500       -17.850     967.3200
       62.500       -17.850     978.5600
       67.500       -17.850    1020.2000
       72.500       -17.850    1041.2000
       77.500       -17.850    1043.3000
       82.500       -17.850    1042.0000
       87.500       -17.850    1039.2000
       92.500       -17.850    1023.6000
       97.500       -17.850     887.2800
      102.500       -17.850     603.8900
      107.500       -17.850     451.0200
      112.500       -17.850     447.7000
      117.500       -17.850     449.1700
      122.500       -17.850     487.7600
      127.500       -17.850     629.1800
      132.500       -17.850     760.2400
      137.500       -17.850     842.1600
      142.500       -17.850     874.9700
      147.500       -17.850     894.9400
      152.500       -17.850     907.6200
      157.500       -17.850     914.3100
      162.500       -17.850     915.7700
      167.500       -17.850     913.1500
      172.500       -17.850     914.7000
      177.500       -17.850     919.9900
      182.500       -17.850     929.6000
      187.500       -17.850     942.5300
      192.500       -17.850     949.7500
      197.500       -17.850     949.4500
      202.500       -17.850     946.0500
      207.500       -17.850     940.9900
      212.500       -17.850     930.1100
      217.500       -17.850     908.0200
      222.500       -17.850     887.7900
      227.500       -17.850     850.3800
      232.500       -17.850     738.0800
        2.500       -21.750     977.3800
        7.500       -21.750     976.9900
       12.500       -21.750     978.0000
       17.500       -21.750     979.3900
       22.500       -21.750     979.2800
       27.500       -21.750     977.0700
       32.500       -21.750     973.5900
       37.500       -21.750     971.1900
       42.500       -21.750     970.2300
       47.500       -21.750     970.5200
       52.500       -21.750     972.4000
       57.500       -21.750     979.0100
       62.500       -21.750     995.5300
       67.500       -21.750    1024.9000
       72.500       -21.750    1042.5000
       77.500       -21.750    1044.7000
       82.500       -21.750    1044.0000
       87.500       -21.750    1041.4000
       92.500       -21.750    1024.7000
       97.500       -21.750     886.4000
      102.500       -21.750     604.1000
      107.500       -21.750     487.5900
      112.500       -21.750     485.0100
      117.500       -21.750     485.8700
      122.500       -21.750     500.9200
      127.500       -21.750     628.7900
      132.500       -21.750     762.6600
      137.500       -21.750     847.2800
      142.500       -21.750     880.5800
      147.500       -21.750     897.6200
      152.500       -21.750     906.2900
      157.500       -21.750     910.5500
      162.500       -21.750     912.7400
      167.500       -21.750     913.8100
      172.500       -21.750     916.2200
      177.500       -21.750     921.3700
      182.500       -21.750     929.9200
      187.500       -21.750     940.9900
      192.500       -21.750     946.3200
      197.500       -21.750     946.2800
      202.500       -21.750     943.5400
      207.500       -21.750     938.5200
      212.500       -21.750     928.4700
      217.500       -21.750     909.8900
      222.500       -21.750     894.0000
      227.500       -21.750     874.3200
      232.500       -21.750     816.7300
        2.500       -26.000     976.0000
        7.500       -26.000     975.9200
       12.500       -26.000     976.6900
       17.500       -26.000     977.5900
       22.500       -26.000     977.4500
       27.500       -26.000     975.9100
       32.500       -26.000     973.3800
       37.500       -26.000     971.4400
       42.500       -26.000     970.6800
       47.500       -26.000     971.1500
       52.500       -26.000     973.3100
       57.500       -26.000     980.2700
       62.500       -26.000     996.7200
       67.500       -26.000    1024.6000
       72.500       -26.000    1040.8000
       77.500       -26.000    1043.3000
       82.500       -26.000    1043.0000
       87.500       -26.000    1040.6000
       92.500       -26.000    1022.9000
       97.500       -26.000     880.1500
      102.500       -26.000     603.6400
      107.500       -26.000     520.5600
      112.500       -26.000     518.5300
      117.500       -26.000     518.9700
      122.500       -26.000     523.9500
      127.500       -26.000     627.4400
      132.500       -26.000     763.4300
      137.500       -26.000     849.7500
      142.500       -26.000     883.9800
      147.500       -26.000     899.2800
      152.500       -26.000     905.4700
      157.500       -26.000     908.8200
      162.500       -26.000     911.1500
      167.500       -26.000     913.2100
      172.500       -26.000     916.0500
      177.500       -26.000     920.7300
      182.500       -26.000     927.6300
      187.500       -26.000     935.0500
      192.500       -26.000     938.0400
      197.500       -26.000     938.0200
      202.500       -26.000     936.0300
      207.500       -26.000     931.9700
      212.500       -26.000     924.3000
      217.500       -26.000     910.6600
      222.500       -26.000     897.5700
      227.500       -26.000     883.6900
      232.500       -26.000     864.8300
        2.500       -30.650     972.0400
        7.500       -30.650     972.0500
       12.500       -30.650     972.4000
       17.500       -30.650     972.7300
       22.500       -30.650     972.5600
       27.500       -30.650     971.7700
       32.500       -30.650     970.4600
       37.500       -30.650     969.4100
       42.500       -30.650     969.1500
       47.500       -30.650     969.9100
       52.500       -30.650     972.3200
       57.500       -30.650     979.6300
       62.500       -30.650     995.4900
       67.500       -30.650    1015.8000
       72.500       -30.650    1025.4000
       77.500       -30.650    1028.1000
       82.500       -30.650    1028.4000
       87.500       -30.650    1026.8000
       92.500       -30.650    1003.5000
       97.500       -30.650     853.7600
      102.500       -30.650     602.7800
      107.500       -30.650     545.2200
      112.500       -30.650     543.7100
      117.500       -30.650     544.0200
      122.500       -30.650     546.8900
      127.500       -30.650     625.7900
      132.500       -30.650     763.1300
      137.500       -30.650     850.8000
      142.500       -30.650     886.0700
      147.500       -30.650     900.2000
      152.500       -30.650     904.9500
      157.500       -30.650     907.6800
      162.500       -30.650     909.8800
      167.500       -30.650     912.1100
      172.500       -30.650     914.8600
      177.500       -30.650     918.6400
      182.500       -30.650     923.0800
      187.500       -30.650     926.6900
      192.500       -30.650     928.1500
      197.500       -30.650     928.0800
      202.500       -30.650     926.7900
      207.500       -30.650     924.2300
      212.500       -30.650     919.5200
      217.500       -30.650     910.6000
      222.500       -30.650     900.5000
      227.500       -30.650     890.6100
      232.500       -30.650     885.1800
        2.500       -35.800     954.3300
        7.500       -35.800     954.5800
       12.500       -35.800     955.0600
       17.500       -35.800     955.7500
       22.500       -35.800     956.4600
       27.500       -35.800     957.1900
       32.500       -35.800     957.9100
       37.500       -35.800     958.9200
       42.500       -35.800     960.3700
       47.500       -35.800     962.4800
       52.500       -35.800     965.9100
       57.500       -35.800     972.3000
       62.500       -35.800     980.9700
       67.500       -35.800     988.4100
       72.500       -35.800     992.3300
       77.500       -35.800     993.8300
       82.500       -35.800     993.8100
       87.500       -35.800     992.1300
       92.500       -35.800     964.6100
       97.500       -35.800     816.4400
      102.500       -35.800     601.6700
      107.500       -35.800     553.8400
      112.500       -35.800     552.6800
      117.500       -35.800     553.0100
      122.500       -35.800     555.4900
      127.500       -35.800     624.1900
      132.500       -35.800     761.6000
      137.500       -35.800     851.0300
      142.500       -35.800     887.0900
      147.500       -35.800     900.5400
      152.500       -35.800     904.5800
      157.500       -35.800     906.8900
      162.500       -35.800     908.8600
      167.500       -35.800     910.8900
      172.500       -35.800     913.2000
      177.500       -35.800     915.8500
      182.500       -35.800     918.3000
      187.500       -35.800     920.0000
      192.500       -35.800     920.7000
      197.500       -35.800     920.5600
      202.500       -35.800     919.7400
      207.500       -35.800     918.1500
      212.500       -35.800     915.3600
      217.500       -35.800     910.1300
      222.500       -35.800     903.0100
      227.500       -35.800     896.5300
      232.500       -35.800     893.8100
        2.500       -41.500     920.2600
        7.500       -41.500     922.1400
       12.500       -41.500     925.9600
       17.500       -41.500     930.2900
       22.500       -41.500     934.1400
       27.500       -41.500     937.3800
       32.500       -41.500     940.1500
       37.500       -41.500     942.9900
       42.500       -41.500     945.7700
       47.500       -41.500     948.6300
       52.500       -41.500     952.0700
       57.500       -41.500     956.6400
       62.500       -41.500     961.0800
       67.500       -41.500     964.4300
       72.500       -41.500     966.4200
       77.500       -41.500     967.2000
       82.500       -41.500     966.9300
       87.500       -41.500     965.2400
       92.500       -41.500     935.8600
       97.500       -41.500     791.5300
      102.500       -41.500     600.3000
      107.500       -41.500     555.2400
      112.500       -41.500     554.1900
      117.500       -41.500     554.5100
      122.500       -41.500     556.9000
      127.500       -41.500     622.8600
      132.500       -41.500     760.0400
      137.500       -41.500     850.5100
      142.500       -41.500     887.2700
      147.500       -41.500     900.5600
      152.500       -41.500     904.2800
      157.500       -41.500     906.2400
      162.500       -41.500     907.9600
      167.500       -41.500     909.7400
      172.500       -41.500     911.6800
      177.500       -41.500     913.6500
      182.500       -41.500     915.2900
      187.500       -41.500     916.4500
      192.500       -41.500     916.9400
      197.500       -41.500     916.8600
      202.500       -41.500     916.3500
      207.500       -41.500     915.3000
      212.500       -41.500     913.3600
      217.500       -41.500     909.8000
      222.500       -41.500     904.9600
      227.500       -41.500     901.2300
      232.500       -41.500     899.9900
        2.500       -47.833     712.9300
        7.500       -47.833     877.2800
       12.500       -47.833     908.0300
       17.500       -47.833     918.9200
       22.500       -47.833     925.0300
       27.500       -47.833     928.8100
       32.500       -47.833     931.4600
       37.500       -47.833     934.8900
       42.500       -47.833     937.5700
       47.500       -47.833     939.8000
       52.500       -47.833     942.3700
       57.500       -47.833     947.3800
       62.500       -47.833     951.4400
       67.500       -47.833     954.5400
       72.500       -47.833     956.6200
       77.500       -47.833     957.7100
       82.500       -47.833     958.0700
       87.500       -47.833     957.2600
       92.500       -47.833     929.3500
       97.500       -47.833     785.7800
      102.500       -47.833     598.6600
      107.500       -47.833     555.1700
      112.500       -47.833     554.2100
      117.500       -47.833     554.5300
      122.500       -47.833     556.9500
      127.500       -47.833     621.8600
      132.500       -47.833     759.1300
      137.500       -47.833     849.9100
      142.500       -47.833     886.8700
      147.500       -47.833     900.4300
      152.500       -47.833     904.1500
      157.500       -47.833     905.7200
      162.500       -47.833     907.2000
      167.500       -47.833     908.7800
      172.500       -47.833     910.6000
      177.500       -47.833     912.3600
      182.500       -47.833     913.7000
      187.500       -47.833     914.7600
      192.500       -47.833     915.1200
      197.500       -47.833     915.0400
      202.500       -47.833     914.7600
      207.500       -47.833     914.1600
      212.500       -47.833     912.6800
      217.500       -47.833     909.7400
      222.500       -47.833     906.1700
      227.500       -47.833     904.4000
      232.500       -47.833     905.4100
